1738887873340 0.9659725427627563 0
1738887874543 1.0077643429878915 100
1738887875603 0.9786586761474609 157
1738887877110 1.0064622110659533 257
1738887877857 0.7921873927116394 314
1738887878927 0.9905043580744526 414
1738887879664 0.8384155035018921 471
1738887880880 1.0072692160559173 571
1738887881422 0.9816005825996399 628
1738887882350 0.9890467601247354 728
1738887882878 0.8078469038009644 785
1738887883832 1.025581129116587 885
1738887884324 1.1500234603881836 942
1738887885606 0.9954330460859997 1042
1738887886269 1.3340303897857666 1099
1738887888641 1.0005306495298254 1199
1738887889617 1.0032070875167847 1256
1738887891200 0.9853456911474171 1356
1738887892284 1.1245059967041016 1413
1738887893906 1.0109250769756808 1513
1738887894815 1.2548859119415283 1570
1738887896445 1.009913945552146 1670
1738887897006 0.8257004022598267 1727
1738887898076 0.9885165177949584 1827
1738887898704 0.8397083282470703 1884
1738887899708 1.0072125698080157 1984
1738887900251 1.0790624618530273 2041
1738887901571 1.0209197679368576 2141
1738887902311 0.7762721180915833 2198
1738887903422 1.0021882706349439 2298
1738887903945 1.2920308113098145 2355
1738887904860 0.9981654262778783 2455
1738887905336 0.9459762573242188 2512
1738887906267 1.0065958558922947 2612
1738887906822 1.1868170499801636 2669
1738887907888 1.010868749996223 2769
1738887908392 0.7342052459716797 2826
1738887909395 0.9918996626787847 2926
1738887909929 1.1797807216644287 2983
1738887911036 0.9857512287574239 3083
1738887911649 0.8265770673751831 3140
1738887913137 1.0122405798128336 3240
1738887913835 1.2297029495239258 3297
1738887914845 1.0084031082615994 3397
1738887915359 1.0410394668579102 3454
1738887916260 1.0079129320560116 3554
1738887916843 0.9937474131584167 3611
1738887917977 0.9994946370030394 3711
1738887918626 1.262963891029358 3768
1738887919920 1.0005753884221067 3868
1738887920603 1.061489462852478 3925
1738887921639 0.9979713677179696 4025
1738887922257 0.8789299130439758 4082
1738887923333 0.998514977422091 4182
1738887923841 0.8827412724494934 4239
1738887924965 0.9975114417548226 4339
1738887925548 0.9857552647590637 4396
1738887926944 0.9979888265675837 4496
1738887927498 0.9103583097457886 4553
1738887928531 1.0073307793919404 4653
1738887929061 1.453794240951538 4710
1738887930028 1.0109702832628005 4810
1738887930582 1.29995596408844 4867
1738887931521 1.0061377180684912 4967
1738887932038 1.1254770755767822 5024
1738887932951 0.9976258974264164 5124
1738887933619 1.0221365690231323 5181
1738887934566 1.0052809567734746 5281
1738887935117 1.281800627708435 5338
1738887936186 1.0073984076481055 5438
1738887936688 1.0507583618164062 5495
1738887937643 0.9912397584112564 5595
1738887938188 1.2481205463409424 5652
1738887939227 1.0021877719624208 5752
1738887939712 0.9662922024726868 5809
1738887940649 1.0140243343787618 5909
1738887941134 0.8325967788696289 5966
1738887941981 1.0122978221071828 6066
1738887942479 1.0947649478912354 6123
1738887943329 1.0060662898686852 6223
1738887943826 0.9444608688354492 6280
1738887944822 1.010245442980587 6380
1738887945354 1.0278408527374268 6437
1738887946317 1.0259344223702307 6537
1738887946788 1.0768461227416992 6594
1738887947725 1.002569330210733 6694
1738887948264 0.913840115070343 6751
1738887949573 1.0004597766564625 6851
1738887950222 0.9001584053039551 6908
1738887951587 0.9936665379174865 7008
1738887952110 0.8545457124710083 7065
1738887953080 0.9921510467434874 7165
1738887953561 0.9876545667648315 7222
1738887954462 1.0155988813626884 7322
1738887955067 1.1284871101379395 7379
1738887955929 1.0072206187956403 7479
1738887956483 0.758327305316925 7536
1738887957287 0.9998799851625273 7636
1738887957778 1.1613010168075562 7693
1738887958659 0.9866734058550088 7793
