1738886798869 1.0434147119522095 0
1738886802045 1.0363897362557968 100
1738886803573 0.8519304394721985 157
1738886806930 1.0323356089025442 257
1738886808308 1.2312793731689453 314
1738886810267 0.996581487726457 414
1738886811343 1.1897952556610107 471
1738886813081 1.027869717319413 571
1738886814444 1.0381035804748535 628
1738886816656 1.0193155844612878 728
1738886817752 0.9334775805473328 785
1738886819568 1.0398136749125944 885
1738886820886 1.145158052444458 942
1738886822731 1.0324658155441284 1042
1738886823755 0.9231831431388855 1099
1738886825639 1.0291478586669016 1199
1738886826622 1.0771052837371826 1256
1738886828360 1.014641554638891 1356
1738886829245 0.8695229291915894 1413
1738886831343 0.9932676412091397 1513
1738886832611 0.7637364864349365 1570
1738886834609 1.026208474494443 1670
1738886836354 0.8325498700141907 1727
1738886838466 1.0261929784670916 1827
1738886839462 1.1232284307479858 1884
1738886841170 1.0463550492088394 1984
1738886842242 0.9041193723678589 2041
1738886844005 1.0212174760233057 2141
1738886844969 1.0512149333953857 2198
1738886846692 1.0266855902010852 2298
1738886848027 0.7356516718864441 2355
1738886849660 1.038940681089269 2455
1738886850616 0.893032431602478 2512
1738886852234 1.0161039062065653 2612
1738886853344 0.9433719515800476 2669
1738886855073 1.0240988271071179 2769
1738886856165 0.9998421669006348 2826
1738886858480 1.025041928385744 2926
1738886859783 0.9922817945480347 2983
1738886862034 1.0324200981914406 3083
1738886863484 1.061614990234375 3140
1738886865548 1.0316964795093726 3240
1738886866677 0.8692196011543274 3297
1738886868669 1.0489686178688955 3397
1738886869754 1.4597053527832031 3454
1738886871573 1.023944593302094 3554
1738886872542 0.631578266620636 3611
1738886874377 1.033469255607907 3711
1738886875298 1.1977139711380005 3768
1738886876994 1.0284261408418711 3868
1738886878129 1.0169426202774048 3925
1738886879988 1.0209798464680662 4025
1738886880903 0.9495027661323547 4082
1738886882675 1.031240616399463 4182
1738886883997 0.9952214360237122 4239
1738886885855 1.015828826049767 4339
1738886886901 0.8812940716743469 4396
1738886888719 1.0298143908528998 4496
1738886889631 0.9784887433052063 4553
1738886890997 1.0313264143348921 4653
1738886891784 0.842441737651825 4710
1738886893141 1.0233995914459229 4810
1738886893919 0.813637912273407 4867
1738886895278 1.013442198533823 4967
1738886896082 0.879184901714325 5024
1738886897472 1.0338024992753965 5124
1738886898311 1.136627435684204 5181
1738886899738 1.0368399767592402 5281
1738886900881 1.067264437675476 5338
1738886903468 1.0383482439683216 5438
1738886904786 1.3136790990829468 5495
1738886906597 1.033863136673918 5595
1738886907598 0.7545595765113831 5652
1738886909294 1.008971135215004 5752
1738886910226 1.1369563341140747 5809
1738886911893 1.0497978984719456 5909
1738886912829 0.8550726175308228 5966
1738886914885 1.020976739944798 6066
1738886916124 1.0260305404663086 6123
1738886917777 1.0220486096816488 6223
1738886918868 0.8339118957519531 6280
1738886920686 1.0272116708283376 6380
1738886921666 0.7048609852790833 6437
1738886923284 1.0292797814501393 6537
1738886924347 1.011931300163269 6594
1738886926011 1.0419294645290564 6694
1738886926885 1.171059489250183 6751
1738886928747 1.0275240381165307 6851
1738886929893 0.9005028605461121 6908
1738886931595 1.0445152084426124 7008
1738886932592 1.281408429145813 7065
1738886934611 1.021811838197236 7165
1738886935647 0.9727401733398438 7222
1738886937294 1.0364372010278229 7322
1738886938220 1.2716094255447388 7379
1738886940011 1.0213603212101625 7479
1738886941313 1.116450309753418 7536
1738886943207 1.0348186144734373 7636
1738886944448 1.065960168838501 7693
1738886947099 1.0376381490490225 7793
